107.934951782
122.637987137
116.019010544
123.34394455
150.985956192
116.548061371
126.272916794
124.23491478
115.853071213
118.497133255
135.975122452
111.984968185
120.443105698
111.810922623
116.582870483
125.418186188
106.312990189
214.411020279
112.175941467
125.871181488
137.331962585
111.507892609
117.115020752
116.87207222
126.939058304
124.560117722
115.916013718
116.283178329
111.531019211
121.864080429
121.8521595
119.020223618
122.528076172
118.803977966
124.577045441
169.692993164
113.856077194
137.427091599
115.462064743
116.264104843
118.88885498
126.676082611
120.965003967
138.076066971
112.636089325
115.116119385
120.044946671
129.119873047
103.635787964
124.246120453
115.911006927
127.604961395
116.273164749
132.605075836
102.141857147
113.234996796
126.91283226
128.191947937
131.002902985
134.405851364
131.917953491
120.829105377
193.913936615
128.1478405
111.496925354
117.671012878
119.855165482
135.84280014
119.760990143
112.811088562
116.138935089
111.249923706
106.395959854
109.059095383
110.090017319
139.351129532
112.316846848
102.648019791
129.827022552
117.254972458
118.14904213
122.878074646
129.629135132
109.519958496
149.232149124
120.732069016
136.580944061
116.988897324
110.275030136
110.696077347
112.237930298
120.362997055
121.431112289
128.686904907
117.834091187
115.905046463
112.254142761
136.029005051
115.72599411
120.876073837
129.726886749
118.738174438
130.084037781
112.449169159
125.081062317
111.881971359
133.563041687
123.236894608
120.870828629
127.624988556
113.343954086
127.942085266
122.055053711
117.566108704
117.208003998
146.524906158
118.55506897
99.0529060364
120.38898468
143.244981766
125.362873077
116.74785614
127.711057663
135.157823563
123.655080795
138.908863068
125.473022461
151.959896088
126.723051071
136.629104614
127.169132233
114.351987839
119.569063187
143.677949905
110.602855682
261.411905289
1113.97194862
101.832151413
115.349054337
134.999036789
133.455991745
112.460851669
115.388870239
112.190961838
114.46595192
130.54394722
119.885921478
137.943029404
168.931007385
119.266986847
120.916843414
132.41314888
109.186887741
119.005918503
127.820968628
118.970870972
118.301868439
109.353065491
137.578964233
137.633800507
128.305912018
107.521057129
137.351989746
166.798114777
119.903087616
114.643096924
131.721019745
111.03105545
143.149137497
114.284992218
147.397994995
145.77293396
130.984067917
122.274875641
118.589878082
118.79491806
119.982004166
132.634878159
132.706165314
110.114097595
103.534936905
116.774082184
111.5629673
109.554052353
114.109039307
114.771842957
132.26890564
117.066144943
112.767934799
131.285905838
109.222888947
109.679937363
125.694990158
111.535072327
103.500127792
144.314050674
122.73812294
121.71292305
115.067958832
118.489027023
110.604047775
117.847919464
117.877006531
107.988119125
132.673978806
111.913204193
172.85490036
133.853912354
114.369869232
178.956985474
124.853134155
133.912086487
125.978946686
119.395971298
117.32006073
133.389949799
121.021032333
111.330032349
117.79999733
121.13904953
112.486124039
121.437072754
111.886024475
116.055011749
124.289035797
133.013010025
123.58880043
126.996040344
117.594003677
102.567195892
110.762119293
123.905897141
121.547937393
123.07882309
113.223075867
114.322900772
118.367910385
113.034963608
113.607168198
101.614952087
112.224817276
120.560884476
122.232913971
118.254899979
142.021894455
127.942085266
118.78991127
155.941009521
116.986989975
123.476982117
123.931884766
112.993001938
116.536855698
108.193159103
125.389814377
452.003955841
113.241910934
118.332862854
128.987789154
204.246997833
115.550041199
139.708995819
123.234987259
117.020130157
115.123033524
114.081144333
122.47800827
129.343986511
116.466999054
122.793912888
139.615058899
113.494157791
130.130052567
119.34709549
122.822999954
124.485969543
122.183084488
112.215995789
124.783039093
110.929965973
120.067834854
128.791093826
121.19102478
120.519161224
107.941150665
113.204956055
123.851060867
128.930091858
142.025947571
126.738071442
117.817878723
111.912965775
143.859863281
116.785049438
118.532180786
111.597061157
103.038072586
110.987901688
130.93495369
117.033958435
163.364887238
107.652902603
116.128921509
149.769067764
119.085073471
114.159107208
121.645927429
111.719846725
112.370967865
111.925840378
125.845909119
107.414007187
139.01591301
126.560926437
121.402978897
132.053136826
122.828006744
126.45483017
115.071058273
114.185810089
121.932029724
132.566928864
129.742860794
118.482112885
120.054960251
225.606918335
1128.99708748
113.885164261
110.020875931
125.38599968
117.066144943
121.730089188
112.338066101
163.49697113
125.758171082
115.310907364
145.982980728
121.424913406
123.453140259
107.278823853
124.011993408
115.928173065
127.426147461
113.420009613
116.137981415
231.290102005
118.511199951
111.36007309
123.225212097
110.815048218
172.218084335
134.073972702
117.57183075
128.148794174
122.215986252
132.682085037
110.530853271
112.487792969
117.184877396
145.179986954
124.112844467
127.940893173
114.43901062
112.65707016
112.969875336
122.781991959
141.021966934
216.986894608
110.146045685
106.605052948
122.92599678
104.027986526
115.775108337
108.285903931
152.483940125
124.300003052
123.457193375
117.928981781
125.201940536
111.419916153
117.54488945
160.561084747
122.631072998
115.617036819
113.652944565
103.033781052
111.000061035
156.064987183
131.201028824
132.377147675
105.459928513
116.913080215
112.488985062
113.67893219
113.143920898
120.115041733
130.577087402
128.924846649
104.859828949
128.607034683
121.231794357
117.727041245
113.527059555
104.938030243
109.292030334
194.707870483
109.061002731
138.700008392
119.285821915
110.863924026
115.468978882
126.010894775
122.956991196
151.634931564
137.17007637
112.831115723
120.384931564
111.428022385
126.863002777
116.52302742
128.007173538
113.914966583
125.279903412
123.793125153
113.785982132
122.49994278
193.580150604
112.609148026
127.306938171
111.116886139
114.51792717
116.346120834
119.597911835
118.109941483
145.613908768
123.52514267
110.592126846
119.527101517
143.949985504
125.195980072
114.203929901
109.186887741
118.185997009
108.394145966
111.681222916
125.166893005
125.763893127
124.670982361
112.825155258
121.679067612
120.321035385
134.003162384
128.271102905
117.923974991
111.72413826
133.869886398
117.504835129
114.93897438
139.127969742
120.959997177
115.919113159
127.509117126
119.93598938
119.799852371
128.064870834
122.402191162
133.317947388
111.602067947
111.077070236
132.914066315
141.399860382
132.946014404
116.808891296
114.848136902
160.436868668
115.525007248
114.450216293
112.527132034
117.561101913
117.264986038
121.683120728
127.006053925
118.017911911
110.93211174
124.248027802
121.261119843
121.640920639
115.401029587
120.351076126
131.159067154
116.692066193
114.249944687
117.109060287
122.446060181
136.225223541
135.013818741
128.602027893
138.632059097
111.242055893
110.113859177
111.862897873
133.023023605
126.107931137
108.945131302
110.843896866
111.504077911
127.628087997
125.840902328
116.584062576
113.614082336
120.923042297
128.308057785
130.309104919
111.37008667
113.447904587
111.583948135
228.95693779
333.673000336
115.884780884
116.902112961
125.623941422
127.469062805
108.011960983
125.102996826
131.255149841
129.2719841
129.971027374
112.330198288
143.234968185
103.97195816
120.001077652
103.957891464
120.531082153
122.667074203
117.299079895
128.794908524
121.659994125
118.408918381
123.256921768
163.485050201
112.565994263
119.779825211
124.159097672
134.421110153
122.128009796
117.318153381
110.891103745
119.659900665
116.47105217
142.916917801
111.184835434
107.013940811
114.550828934
117.910861969
112.494945526
146.459102631
117.962837219
108.763933182
111.424922943
114.300966263
109.205961227
129.804134369
111.076116562
131.856918335
111.702919006
121.442079544
120.771884918
147.86195755
121.370792389
161.5691185
101.499080658
108.062982559
121.111869812
118.167877197
112.967014313
106.119155884
135.813951492
110.303878784
135.493040085
132.039070129
111.795902252
110.574007034
116.230010986
117.635965347
123.775959015
111.982107162
123.81196022
131.987810135
114.022016525
117.755174637
119.476079941
118.619918823
123.816013336
109.904050827
106.816053391
117.152929306
161.775112152
107.954025269
132.405042648
120.11885643
120.575904846
114.900112152
122.639894485
127.977132797
135.233879089
120.7280159
113.740921021
109.979867935
132.372140884
107.112169266
110.333204269
116.826057434
122.117042542
106.528997421
128.993988037
119.611024857
146.93403244
112.722158432
210.706949234
120.192050934
124.414920807
122.471094131
109.871864319
122.620105743
112.818956375
116.450786591
121.952056885
126.820087433
112.107038498
124.727010727
129.326105118
113.780975342
124.746084213
114.568948746
124.742031097
123.239040375
117.525100708
107.872962952
108.823060989
105.799913406
145.989894867
148.726940155
115.065097809
165.541887283
119.749069214
114.046096802
134.253025055
122.834920883
113.054037094
121.773004532
113.481998444
117.016077042
111.894130707
153.571844101
116.893768311
137.814998627
182.184934616
109.54785347
115.386962891
117.006063461
131.380081177
119.244098663
112.22910881
105.34787178
126.021146774
126.14607811
111.660957336
117.859840393
125.921010971
115.071058273
113.812923431
112.872123718
115.275144577
111.19389534
103.986978531
120.932102203
135.255098343
111.022949219
135.630130768
122.04003334
143.477916718
112.905979156
116.720914841
113.938093185
115.794897079
107.177972794
132.241010666
110.124111176
137.345075607
111.306905746
112.262964249
135.568857193
117.573022842
121.443986893
126.066923141
118.731021881
122.032880783
121.254920959
120.334148407
112.221956253
136.975049973
115.535974503
113.365888596
108.524084091
115.735054016
113.512992859
123.795986176
118.879795074
220.174074173
192.224025726
98.2630252838
105.552196503
118.339061737
118.260145187
126.129150391
127.911806107
115.784883499
114.930152893
116.560935974
116.796970367
117.491960526
123.84390831
123.558998108
114.391088486
115.878820419
124.013900757
115.535020828
98.0229377747
113.509178162
125.530958176
119.462966919
119.724035263
122.469902039
180.520057678
148.319005966
121.519088745
121.380090714
114.160060883
111.377000809
139.895915985
114.070177078
122.498035431
125.427961349
123.939990997
107.343912125
117.063999176
113.538980484
128.582954407
111.418962479
124.913930893
122.318029404
121.991157532
128.003120422
121.131896973
106.4889431
110.855817795
101.504802704
115.557193756
124.130010605
163.197040558
122.802019119
105.960845947
137.693881989
113.00611496
111.900091171
128.221035004
134.699821472
106.603145599
116.47105217
102.936029434
112.531900406
114.617824554
110.64696312
108.126878738
117.562055588
118.713140488
120.877981186
121.258974075
177.80995369
123.201131821
113.333940506
117.408037186
118.519067764
172.264099121
117.954015732
109.575033188
120.265007019
114.954948425
132.284879684
111.38010025
120.336055756
106.312036514
111.544847488
127.497911453
126.830101013
132.086038589
110.30292511
126.113176346
121.254920959
116.721868515
125.070095062
106.876134872
155.762910843
136.126995087
173.65694046
147.572040558
112.263917923
123.610973358
121.211051941
136.823177338
116.495847702
124.068975449
147.2260952
115.435123444
123.913049698
127.574205399
118.384838104
134.62305069
124.267101288
129.170179367
105.299949646
107.838869095
126.767873764
121.911048889
132.901906967
127.907037735
115.298986435
119.210004807
107.216119766
109.392166138
121.325016022
194.187164307
122.659921646
157.248973846
116.627216339
114.299058914
114.439964294
112.515926361
128.469944
112.607002258
110.689878464
128.50189209
102.526903152
129.146099091
114.706993103
111.243009567
110.638856888
101.214885712
117.635011673
120.796918869
118.299007416
122.833967209
113.480806351
108.436107635
102.703094482
108.057022095
104.847192764
118.906974792
126.606941223
117.208003998
119.742870331
139.05787468
108.752965927
118.033885956
109.298944473
123.402833939
106.06098175
113.458156586
117.668867111
121.8791008
106.843948364
114.027023315
136.810064316
109.471082687
117.833852768
142.254114151
120.828151703
142.576932907
125.547885895
130.327939987
142.006158829
177.518844604
119.947910309
136.136054993
123.890161514
120.095968246
119.273900986
129.878044128
113.456010818
122.620820999
125.74505806
110.183000565
105.43513298
115.477800369
151.386022568
117.938041687
127.562046051
121.515035629
118.456125259
112.5228405
126.064062119
312.031984329
352.538108826
114.542961121
116.713047028
128.271818161
114.020824432
108.559131622
121.068000793
106.108903885
106.139183044
114.154815674
152.179956436
104.429006577
109.440088272
132.697105408
119.895219803
151.590108871
116.986989975
119.831800461
138.127088547
112.406015396
128.502845764
117.620944977
123.347043991
120.872974396
122.416973114
116.717815399
94.7940349579
110.801935196
112.999916077
150.163173676
114.408969879
113.549947739
123.123884201
113.827943802
111.467123032
135.61296463
123.310089111
119.588851929
125.912904739
110.530138016
124.165058136
127.97999382
143.704891205
118.2949543
123.790979385
161.539077759
113.45410347
180.960178375
130.429029465
125.804901123
122.171163559
113.28792572
137.900114059
119.094848633
122.576951981
121.9830513
113.636016846
106.335878372
122.690916061
123.8758564
126.475811005
123.024940491
127.41112709
132.868051529
134.115934372
117.514848709
120.168924332
115.682125092
126.74498558
108.247995377
126.201868057
130.066156387
115.940093994
104.289054871
120.981216431
108.951091766
113.034009933
117.691993713
122.991085052
113.755941391
112.323999405
136.193990707
111.089944839
113.547086716
123.785018921
147.224187851
110.626935959
114.743947983
130.710124969
142.997980118
146.92401886
129.952907562
119.514942169
115.921974182
125.592947006
197.368860245
114.227056503
117.367982864
