27.263879776
40.8139228821
87.3868465424
36.9081497192
38.5339260101
35.3138446808
35.4270935059
27.233839035
30.916929245
41.5890216827
47.3158359528
132.174968719
40.9600734711
38.9769077301
45.6440448761
35.3088378906
39.2611026764
37.1038913727
36.0360145569
39.0660762787
42.6077842712
36.034822464
32.1040153503
37.5108718872
49.3409633636
37.1899604797
36.0891819
33.7932109833
39.4840240479
42.2730445862
36.8239879608
38.1779670715
39.9608612061
34.5089435577
38.0399227142
61.3160133362
38.9029979706
39.2570495605
35.9530448914
35.9508991241
31.4071178436
33.4439277649
35.8719825745
44.2187786102
36.7050170898
53.197145462
36.2248420715
35.001039505
41.5141582489
35.7811450958
40.8201217651
38.6409759521
35.9058380127
39.1979217529
46.462059021
73.7540721893
28.3749103546
31.3868522644
37.3640060425
36.3390445709
42.0849323273
43.9229011536
37.5499725342
33.2639217377
34.9678993225
37.4510288239
43.5020923615
39.9720668793
38.8760566711
40.6949520111
37.3108386993
33.6449146271
24.9671936035
33.9381694794
36.5672111511
40.6270027161
46.2729930878
48.8698482513
40.8661365509
43.32280159
37.712097168
34.0402126312
31.1059951782
36.7550849915
48.6068725586
37.2698307037
38.0680561066
31.9399833679
37.5378131866
40.5211448669
39.28399086
34.8460674286
33.0159664154
60.1260662079
68.1071281433
43.8570976257
45.1490879059
37.0781421661
57.2259426117
36.0028743744
35.4790687561
26.780128479
35.609960556
37.3549461365
45.1099872589
39.1759872437
43.6789989471
50.7309436798
34.6310138702
27.8980731964
33.9159965515
41.5160655975
39.1461849213
58.5000514984
98.5910892487
35.7871055603
50.1959323883
39.8900508881
38.6288166046
33.961057663
42.5910949707
41.6960716248
56.914806366
47.0569133759
39.381980896
37.8959178925
34.2800617218
37.4050140381
27.6761054993
34.0449810028
25.5210399628
36.7171764374
47.3539829254
48.394203186
64.31889534
43.54596138
41.1660671234
49.3121147156
48.8569736481
34.0609550476
36.8149280548
35.315990448
41.5170192719
47.0848083496
32.6960086823
36.9229316711
38.2809638977
37.101984024
41.1291122437
34.4610214233
37.2970104218
43.6980724335
37.8460884094
35.4099273682
38.2940769196
37.0090007782
43.9600944519
34.4269275665
36.3178253174
279.258966446
23.8318443298
36.0908508301
38.1360054016
50.1449108124
36.1659526825
26.0689258575
38.2928848267
84.1801166534
37.0881557465
39.4639968872
34.9199771881
44.0390110016
119.831800461
74.0118026733
29.1259288788
38.2759571075
57.5850009918
37.9250049591
34.9080562592
37.3439788818
44.8250770569
53.1580448151
64.98503685
41.1329269409
41.8710708618
37.9440784454
36.0569953918
33.1571102142
35.1579189301
33.9379310608
43.0419445038
37.3749732971
42.7870750427
36.3500118256
37.9769802094
36.2319946289
84.8309993744
35.9859466553
40.8799648285
55.3169250488
37.504196167
46.3519096375
36.88788414
37.2519493103
35.5658531189
37.7449989319
37.770986557
35.7098579407
37.1520519257
38.0501747131
39.7410392761
36.572933197
36.0181331635
35.266160965
46.9589233398
35.6471538544
36.2839698792
33.8611602783
47.6350784302
35.8989238739
38.3682250977
31.1830043793
38.104057312
45.6669330597
33.1869125366
35.539150238
37.223815918
35.8469486237
34.0480804443
31.8989753723
39.9689674377
34.9969863892
27.5740623474
34.9960327148
49.9789714813
34.2950820923
40.7259464264
40.0331020355
33.8680744171
34.0600013733
36.9279384613
40.2960777283
49.5810508728
61.0179901123
26.7200469971
41.2809848785
32.0560932159
98.7939834595
26.2260437012
37.5018119812
36.5419387817
39.0169620514
34.5480442047
37.6999378204
32.2270393372
36.2520217896
70.9528923035
35.2301597595
44.0468788147
35.4681015015
41.5880680084
37.045955658
49.467086792
35.1140499115
34.3430042267
38.2199287415
29.7729969025
37.290096283
38.4390354156
27.9810428619
53.7102222443
39.6189689636
31.9690704346
32.6290130615
59.1788291931
36.8440151215
32.5560569763
38.388967514
35.630941391
35.041809082
38.3138656616
39.2808914185
37.6691818237
40.7860279083
36.1862182617
25.4700183868
38.5329723358
40.8370494843
36.9880199432
51.0048866272
35.3100299835
33.9670181274
35.4671478271
71.918964386
28.6538600922
39.4539833069
40.1711463928
77.7759552002
63.5268688202
35.7959270477
39.2651557922
37.1279716492
37.4341011047
37.337064743
33.7059497833
92.2110080719
91.5489196777
32.0520401001
39.7169589996
43.2820320129
34.3780517578
104.671955109
41.610956192
38.6259555817
40.3339862823
34.7390174866
42.3510074615
40.0230884552
43.0910587311
35.0217819214
29.1361808777
35.9561443329
27.1458625793
35.1490974426
29.5457839966
33.5240364075
43.3571338654
43.564081192
32.6919555664
46.7510223389
34.4951152802
32.8509807587
31.6069126129
33.3118438721
340.349912643
94.7630405426
38.9089584351
38.8298034668
35.9489917755
42.4270629883
38.2149219513
39.7148132324
40.0140285492
33.506155014
39.5820140839
37.878036499
38.6400222778
44.6999073029
41.6359901428
28.528213501
44.4569587708
34.6970558167
41.1128997803
41.8519973755
95.0598716736
41.0399436951
45.8068847656
33.7388515472
36.609172821
36.581993103
37.6210212708
38.565158844
38.9251708984
37.1289253235
43.5290336609
44.38996315
33.9860916138
53.4389019012
48.0360984802
32.3920249939
35.11095047
33.548116684
38.9711856842
35.5899333954
33.2860946655
39.2417907715
27.1360874176
36.3249778748
40.7350063324
34.9509716034
38.7909412384
36.9069576263
36.2739562988
35.3507995605
40.6999588013
34.5709323883
33.4701538086
32.5770378113
25.6569385529
37.0869636536
42.1390533447
39.2169952393
37.1100902557
42.7060127258
33.1289768219
37.5900268555
43.1680679321
38.4378433228
33.1060886383
36.3519191742
36.5998744965
37.7910137177
35.9389781952
41.4168834686
62.1228218079
31.4950942993
37.985086441
34.0709686279
38.5320186615
36.6220474243
269.806146622
64.4688606262
37.4290943146
40.333032608
55.212020874
35.3529453278
33.6661338806
37.1391773224
42.0699119568
36.5691184998
33.1091880798
35.7530117035
46.2238788605
35.6571674347
36.3900661469
38.6121273041
38.8789176941
40.3261184692
36.5228652954
37.948846817
41.4090156555
33.0200195312
34.6779823303
40.2719974518
41.4938926697
37.2960567474
45.0639724731
54.3301105499
37.0690822601
37.9519462585
38.7678146362
82.0319652557
37.0070934296
40.7180786133
39.8600101471
41.2418842316
39.4041538239
39.333820343
34.7330570221
43.802022934
40.3180122375
32.1128368378
35.0379943848
34.1749191284
43.4868335724
35.0878238678
35.6349945068
37.9128456116
36.5631580353
44.2969799042
33.5519313812
37.3339653015
45.3600883484
32.3588848114
40.5759811401
24.806022644
42.1078205109
34.590959549
34.1780185699
33.8599681854
38.2311344147
35.3491306305
37.8530025482
71.7449188232
26.1609554291
35.0179672241
52.8600215912
41.3680076599
49.2768287659
34.1038703918
54.6610355377
34.3129634857
34.5830917358
35.315990448
37.2660160065
37.6372337341
96.6050624847
32.6399803162
24.561882019
35.60090065
36.288022995
33.1490039825
38.2041931152
35.5651378632
36.9970798492
35.8309745789
36.2989902496
33.6148738861
26.859998703
41.9290065765
31.3339233398
38.7489795685
42.338848114
37.0540618896
35.3119373322
24.2829322815
39.1199588776
34.2540740967
36.1270904541
34.31391716
33.3030223846
34.8470211029
38.1369590759
32.5021743774
37.2619628906
38.4321212769
122.147083282
42.1621799469
34.1739654541
42.7150726318
36.2551212311
34.8808765411
33.3092212677
33.7171554565
35.8350276947
36.0350608826
33.6449146271
24.5699882507
35.5529785156
34.8658561707
37.3089313507
30.4589271545
27.7397632599
36.8819236755
46.5807914734
40.9159660339
35.7658863068
38.5091304779
39.8879051208
82.0310115814
40.9710407257
39.3340587616
36.1330509186
40.5161380768
42.9699420929
38.1598472595
40.2479171753
38.2289886475
156.383991241
36.7729663849
36.5698337555
35.383939743
42.2518253326
25.9339809418
42.1090126038
26.7400741577
130.310058594
37.3120307922
33.7910652161
33.6139202118
40.5278205872
39.9930477142
27.0750522614
42.0958995819
260.3931427
36.5200042725
35.6991291046
45.1819896698
33.6048603058
24.6739387512
45.086145401
43.5380935669
35.3569984436
36.768913269
40.6877994537
40.5168533325
35.5398654938
40.2150154114
45.6759929657
34.5771312714
37.1057987213
42.8729057312
37.1220111847
33.4949493408
34.8570346832
44.7261333466
36.9510650635
38.0680561066
38.5398864746
46.0820198059
32.9370498657
36.0071659088
36.5619659424
83.2281112671
36.2570285797
36.9019508362
41.2409305573
33.9419841766
39.3419265747
23.4220027924
44.0771579742
37.8630161285
58.2420825958
49.1180419922
40.8470630646
34.2149734497
33.9081287384
88.9599323273
27.0450115204
44.6779727936
35.0151062012
35.5730056763
34.3360900879
37.9090309143
34.8629951477
39.6769046783
80.1441669464
35.4239940643
33.3371162415
34.2891216278
34.40284729
87.9330635071
38.0251407623
34.4009399414
36.994934082
37.2059345245
36.0949039459
32.0580005646
33.9560508728
34.1191291809
33.7929725647
271.718978882
41.4760112762
37.8749370575
40.4539108276
40.0159358978
33.6258411407
40.6739711761
39.59608078
40.5230522156
33.6518287659
29.2630195618
37.1880531311
31.7299365997
27.1751880646
26.5018939972
26.8709659576
34.332036972
36.7841720581
44.8589324951
35.416841507
37.7089977264
40.8010482788
33.6110591888
27.7328491211
41.9690608978
36.7209911346
36.6039276123
109.750986099
38.92993927
46.4391708374
34.9681377411
35.7630252838
35.5908870697
35.7460975647
35.3691577911
85.6781005859
39.7901535034
25.9959697723
36.8809700012
36.5529060364
41.8221950531
42.6180362701
30.6029319763
38.7508869171
38.0349159241
41.5968894958
37.9998683929
35.0611209869
105.419874191
38.7270450592
34.3251228333
29.6630859375
37.6460552216
40.0199890137
71.5939998627
37.2290611267
34.6009731293
31.4948558807
35.0050926208
36.1320972443
34.4960689545
34.2390537262
35.7961654663
36.4019870758
37.0109081268
35.0279808044
34.4240665436
34.0850353241
37.0240211487
41.2931442261
31.87084198
34.6601009369
32.7439308167
37.0011329651
39.4458770752
42.5350666046
41.5709018707
45.793056488
125.488996506
35.3698730469
45.487165451
37.6360416412
66.2310123444
71.6769695282
37.4600887299
33.2479476929
39.1809940338
150.877952576
32.0210456848
35.5651378632
44.9969768524
36.0429286957
57.7499866486
38.0139350891
33.2260131836
41.1140918732
34.2421531677
33.7460041046
37.092924118
46.3809967041
32.557964325
33.5731506348
33.5378646851
37.0888710022
38.0518436432
34.7759723663
41.4090156555
36.0939502716
32.4001312256
39.146900177
43.9879894257
51.0740280151
36.3440513611
41.0628318787
39.9811267853
34.9090099335
32.7980518341
37.7769470215
60.8561038971
73.0619430542
39.9749279022
95.5171585083
36.8509292603
34.5020294189
50.6172180176
27.9850959778
31.3029289246
30.0960540771
63.5240077972
38.1319522858
34.2929363251
85.921049118
41.2011146545
31.0847759247
39.7679805756
40.323972702
34.912109375
35.0909233093
38.015127182
45.7229614258
35.6359481812
33.0638885498
40.7252311707
36.3409519196
34.9149703979
97.8629589081
78.3801078796
27.1689891815
46.5729236603
33.1840515137
40.0171279907
32.0069789886
33.2088470459
45.1970100403
38.782119751
36.5347862244
35.9079837799
57.1019649506
41.5291786194
36.8518829346
38.1009578705
37.3871326447
33.362865448
34.255027771
36.3798141479
36.7610454559
36.2329483032
40.9328937531
34.3399047852
37.9240512848
34.8370075226
36.2169742584
36.5278720856
66.7769908905
38.1138324738
34.4500541687
46.1900234222
35.952091217
35.267829895
43.1168079376
38.2680892944
43.3909893036
35.6440544128
38.2380485535
43.6639785767
35.4111194611
34.2230796814
30.9400558472
39.8440361023
29.6981334686
31.3980579376
36.2479686737
40.3158664703
38.0339622498
34.9628925323
35.2630615234
38.9449596405
32.8650474548
22.8729248047
39.9990081787
38.0961894989
28.0170440674
33.1571102142
33.5650444031
40.4150485992
41.1951541901
67.7001476288
41.0192012787
78.0389308929
28.2227993011
34.2688560486
33.5118770599
32.8269004822
34.4200134277
43.4198379517
41.0430431366
40.0741100311
38.1550788879
80.5730819702
39.3719673157
35.2399349213
39.9940013885
33.5440635681
23.9078998566
36.3528728485
38.9339923859
34.6350669861
23.5788822174
34.2330932617
36.4949703217
40.1339530945
41.2127971649
35.4709625244
39.7491455078
31.8088531494
34.451007843
47.8048324585
36.2110137939
257.322788239
34.6038341522
38.9451980591
89.4060134888
36.1979007721
64.1198158264
28.6149978638
34.8279476166
38.8789176941
33.271074295
33.5931777954
37.2850894928
39.0028953552
34.40284729
34.7249507904
34.4271659851
34.2831611633
35.8240604401
31.1470031738
48.9900112152
34.7950458527
39.6091938019
33.7162017822
34.2319011688
33.9739322662
27.6370048523
35.4979038239
37.0149612427
34.3070030212
35.0677967072
42.9129600525
39.528131485
37.8489494324
37.0399951935
34.8119735718
36.966085434
36.2470149994
47.7850437164
37.7588272095
36.1220836639
31.4180850983
43.751001358
45.2919006348
34.8861217499
29.825925827
37.7130508423
61.457157135
35.7451438904
52.0198345184
36.2288951874
39.6630764008
35.8650684357
168.617963791
41.2831306458
37.4219417572
35.3639125824
30.2698612213
32.9241752625
43.7879562378
41.7499542236
124.978065491
47.3330020905
36.1080169678
32.1459770203
33.6999893188
140.555143356
36.6818904877
40.3120517731
33.5340499878
34.1949462891
34.2819690704
43.7760353088
25.5439281464
36.269903183
48.2029914856
35.7191562653
44.5499420166
38.5670661926
40.5650138855
39.5832061768
32.3240756989
68.5429573059
36.4089012146
34.5180034637
35.3698730469
36.8330478668
35.0592136383
33.2951545715
52.9570579529
89.8449420929
37.9650592804
99.2851257324
36.3781452179
39.2100811005
33.7429046631
37.1630191803
32.8240394592
39.2479896545
36.2238883972
38.9239788055
34.2299938202
41.7277812958
42.0949459076
43.0209636688
35.2730751038
44.0630912781
29.876947403
32.9809188843
34.5430374146
27.5361537933
35.3407859802
37.1310710907
34.3630313873
34.7049236298
362.154960632
57.580947876
40.2019023895
38.7489795685
32.9258441925
34.1689586639
37.3201370239
33.8740348816
43.3080196381
36.064863205
41.1779880524
38.5529994965
32.3510169983
95.3540802002
146.667003632
171.83303833
57.1429729462
