30.3781032562
28.5699367523
26.3369083405
31.7878723145
24.6329307556
35.0198745728
24.0650177002
30.6780338287
32.5081348419
30.3039550781
30.6260585785
24.1482257843
32.3569774628
33.6380004883
22.5749015808
32.8109264374
30.2979946136
22.567987442
31.8660736084
36.7519855499
30.2131175995
31.2860012054
31.1830043793
21.0611820221
34.0909957886
22.6209163666
31.8710803986
30.8351516724
31.4099788666
30.6489467621
37.8081798553
32.1650505066
33.7769985199
30.4198265076
30.2131175995
32.9360961914
33.0309867859
25.3119468689
29.0908813477
29.139995575
29.1769504547
22.6740837097
29.5939445496
1035.27808189
23.698091507
30.711889267
39.0961170197
31.3549041748
32.8450202942
34.2619419098
30.8980941772
42.8020954132
35.2120399475
32.0360660553
31.1441421509
1032.24396706
23.3998298645
31.4388275146
31.9108963013
31.8560600281
35.5961322784
30.6589603424
33.3251953125
28.2819271088
42.652130127
31.2230587006
31.5170288086
30.6899547577
32.6390266418
31.0530662537
31.8350791931
23.4408378601
31.543970108
29.5071601868
32.3119163513
29.1030406952
29.109954834
21.9900608063
30.7590961456
32.6509475708
33.674955368
29.9558639526
30.8618545532
29.4439792633
29.3850898743
30.7338237762
21.7659473419
30.7068824768
23.1108665466
32.0007801056
30.0559997559
32.8989028931
31.7621231079
31.0080051422
31.5668582916
29.4299125671
34.029006958
32.191991806
33.3361625671
28.8469791412
31.4559936523
30.9951305389
33.1201553345
22.4921703339
32.420873642
22.4120616913
30.0719738007
33.7879657745
34.8980426788
33.5698127747
33.0150127411
31.8989753723
33.5249900818
25.6381034851
29.4420719147
31.0380458832
33.2880020142
32.7711105347
22.4621295929
22.6209163666
23.1931209564
31.1079025269
21.7580795288
31.1880111694
33.1008434296
33.7600708008
29.9432277679
30.0171375275
28.3379554749
33.9338779449
32.830953598
31.8028926849
27.4219512939
31.0568809509
29.5009613037
23.2660770416
30.492067337
22.243976593
23.3252048492
22.2818851471
28.5699367523
32.6278209686
32.6309204102
32.4990749359
30.4028987885
33.4758758545
22.2420692444
40.1449203491
30.1949977875
32.7000617981
32.1018695831
30.58385849
29.82878685
28.0759334564
24.4278907776
21.9299793243
27.752161026
28.7079811096
28.6087989807
32.9270362854
31.9709777832
29.4549465179
35.8810424805
30.2889347076
34.9490642548
31.2988758087
36.0209941864
37.929058075
29.0420055389
27.9891490936
26.5531539917
22.8650569916
29.904127121
23.3340263367
27.9910564423
33.0770015717
32.0611000061
21.605014801
31.3789844513
29.3741226196
34.1470241547
31.9268703461
28.825044632
30.9369564056
30.1120281219
30.7950973511
29.7858715057
30.9960842133
24.1420269012
31.4159393311
22.617816925
31.2178134918
32.9248905182
23.2870578766
29.1831493378
32.4890613556
29.8569202423
27.2040367126
33.9961051941
24.9290466309
32.2530269623
27.0278453827
31.6770076752
28.3529758453
35.1347923279
22.8841304779
29.6990871429
21.9509601593
31.2030315399
31.641960144
33.0379009247
30.1291942596
36.1959934235
30.1010608673
30.072927475
33.5309505463
34.9180698395
31.7740440369
30.7130813599
31.2530994415
24.6720314026
25.7067680359
22.5160121918
21.8830108643
31.2099456787
31.2840938568
30.3618907928
23.4801769257
31.1250686646
30.6248664856
32.1180820465
33.6539745331
32.7758789062
32.8278541565
29.1349887848
29.9398899078
31.4030647278
21.6379165649
35.5050563812
29.7980308533
30.590057373
22.8660106659
30.1849842072
35.2220535278
24.6748924255
22.9699611664
21.3310718536
26.6480445862
21.6829776764
20.8990573883
30.0769805908
34.8660945892
29.1550159454
32.5870513916
32.0360660553
31.8169593811
31.6178798676
29.9210548401
30.501127243
25.9721279144
21.6798782349
30.0040245056
36.0460281372
32.0720672607
29.3438434601
30.4260253906
34.1911315918
33.6928367615
33.4959030151
29.9451351166
29.776096344
22.5598812103
30.9088230133
34.4789028168
33.0610275269
30.1320552826
32.8431129456
29.7288894653
27.9040336609
32.4850082397
33.5099697113
34.3918800354
34.7559452057
34.471988678
31.9950580597
22.7279663086
23.5071182251
30.5428504944
21.3730335236
31.6841602325
33.5078239441
27.4038314819
29.4160842896
31.014919281
28.2781124115
30.3640365601
29.5009613037
33.154964447
35.945892334
29.6220779419
35.9251499176
32.7241420746
30.7159423828
21.9480991364
30.8568477631
34.0042114258
35.5000495911
28.2988548279
33.5509777069
31.9838523865
32.4440002441
31.5599441528
29.7198295593
33.9999198914
32.1300029755
32.4881076813
33.135175705
32.2389602661
31.2221050262
29.7160148621
28.8970470428
32.5129032135
1038.3439064
31.5828323364
30.98487854
31.4288139343
31.9199562073
33.618927002
22.9139328003
27.7900695801
22.6829051971
32.3688983917
32.2198867798
26.9770622253
31.3928127289
22.8819847107
37.132024765
25.4471302032
44.1708564758
24.071931839
34.6150398254
30.3440093994
29.8991203308
24.1830348969
31.0800075531
31.4030647278
32.3011875153
22.5450992584
32.931804657
31.3150882721
30.5910110474
31.2418937683
22.5419998169
29.9689769745
30.3318500519
29.5820236206
31.2259197235
30.0118923187
31.9697856903
32.8810214996
31.9440364838
22.3410129547
30.2400588989
31.0361385345
46.2460517883
31.4779281616
31.5201282501
22.5989818573
20.8339691162
21.9340324402
29.1800498962
31.3811302185
30.5080413818
32.3829650879
31.9840908051
30.4148197174
30.9150218964
30.5409431458
36.041021347
33.2598686218
29.4721126556
30.7941436768
33.2059860229
38.1889343262
22.9279994965
23.2701301575
23.4429836273
30.5020809174
32.4478149414
41.2578582764
32.9449176788
32.5047969818
30.5268764496
31.8148136139
31.2559604645
30.9040546417
32.4969291687
30.80701828
21.0139751434
24.9700546265
31.4168930054
21.4190483093
30.2610397339
27.47797966
30.9610366821
32.0041179657
31.8839550018
35.2230072021
31.9800376892
30.081987381
31.3727855682
30.1849842072
30.1821231842
29.5789241791
20.0171470642
30.6770801544
23.0128765106
32.399892807
23.4727859497
32.2060585022
23.8420963287
30.3409099579
34.7769260406
22.7410793304
34.7061157227
32.5009822845
31.1350822449
32.0241451263
31.9390296936
32.3731899261
30.3230285645
29.4029712677
42.5300598145
33.0860614777
29.6409130096
28.3789634705
22.6669311523
29.6010971069
30.9360027313
30.2491188049
31.9468975067
30.8909416199
33.2190990448
35.6628894806
29.326915741
30.62915802
31.387090683
35.3758335114
30.070066452
25.9790420532
25.2351760864
32.7999591827
31.2411785126
22.9690074921
35.0069999695
33.5910320282
33.4739685059
45.2809333801
34.7149372101
32.7579975128
35.5091094971
31.6739082336
27.9760360718
33.2250595093
30.0118923187
21.3029384613
32.595872879
22.6049423218
29.5150279999
29.7088623047
21.4350223541
32.2999954224
21.2659835815
31.5899848938
29.5469760895
32.958984375
33.5519313812
37.9898548126
30.9448242188
29.5519828796
28.2399654388
30.4760932922
26.9091129303
40.7390594482
30.699968338
31.6059589386
32.5498580933
30.0629138947
22.6020812988
32.1528911591
33.2770347595
33.5628986359
32.7799320221
21.6510295868
32.5329303741
43.0970191956
31.3620567322
26.7298221588
37.0750427246
23.1020450592
29.244184494
29.3159484863
30.9109687805
31.5339565277
31.7249298096
32.6681137085
41.5301322937
30.0669670105
29.4470787048
30.326128006
32.6540470123
30.8389663696
25.8960723877
32.9999923706
24.4719982147
31.7990779877
22.204875946
31.5899848938
30.4877758026
32.2048664093
30.5659770966
31.1899185181
28.9120674133
21.6779708862
29.2909145355
31.0919284821
32.3350429535
31.1169624329
34.3170166016
30.6301116943
32.6399803162
23.8499641418
30.9989452362
28.7199020386
31.7108631134
33.6029529572
45.4201698303
30.0581455231
30.7171344757
33.8799953461
22.1199989319
31.9170951843
29.8609733582
29.5701026917
36.1640453339
32.1569442749
22.7401256561
21.8200683594
22.2899913788
35.5410575867
30.158996582
31.3358306885
36.3512039185
32.5679779053
30.3208827972
32.7780246735
30.2519798279
34.0509414673
32.8621864319
32.0990085602
33.4060192108
27.5020599365
31.3069820404
51.3699054718
68.5307979584
21.5950012207
34.1429710388
32.2389602661
31.4750671387
34.2020988464
28.9831161499
32.6399803162
31.0361385345
33.5400104523
32.4060916901
32.1218967438
23.7739086151
40.0471687317
28.5270214081
32.369852066
31.8739414215
31.7549705505
31.9519042969
31.054019928
32.3531627655
33.5128307343
31.9678783417
30.6429862976
32.5241088867
39.4458770752
31.8460464478
34.5780849457
31.1419963837
30.580997467
20.6661224365
32.0858955383
49.7381687164
23.1020450592
31.6050052643
37.3179912567
30.3909778595
29.2131900787
30.1060676575
30.3838253021
30.7059288025
29.5078754425
24.8250961304
21.772146225
24.5969295502
30.158996582
33.5159301758
29.6339988708
30.4880142212
30.1389694214
31.2919616699
28.1608104706
32.0198535919
33.2560539246
54.661989212
31.4271450043
29.4108390808
35.3531837463
33.0500602722
21.8441486359
30.9062004089
25.6059169769
31.3341617584
36.2000465393
23.1189727783
31.1529636383
30.4820537567
34.8100662231
28.4299850464
29.2899608612
32.5911045074
32.1710109711
31.5411090851
35.117149353
32.4108600616
31.0029983521
24.3721008301
32.0110321045
51.5151023865
30.4601192474
29.4890403748
29.4589996338
29.7861099243
31.6100120544
27.0750522614
32.3328971863
29.3238162994
30.1380157471
33.0240726471
30.4069519043
31.4209461212
31.5737724304
32.3390960693
28.9530754089
31.4190387726
27.8217792511
29.0758609772
39.9107933044
31.9678783417
33.4310531616
29.876947403
29.9799442291
29.2308330536
29.275894165
38.1610393524
34.0240001678
32.5489044189
36.9489192963
28.5930633545
20.3330516815
37.7259254456
30.8470726013
39.8530960083
31.0158729553
30.7548046112
32.9039096832
32.6790809631
31.7831039429
32.8900814056
31.6770076752
22.922039032
26.2749195099
22.8099822998
32.811164856
34.8949432373
32.93800354
41.2631034851
30.2741527557
32.6941013336
33.9090824127
32.4699878693
34.1219902039
28.9759635925
32.2411060333
32.5939655304
30.877828598
34.1141223907
23.698091507
26.0889530182
29.7629833221
31.7928791046
31.1529636383
26.6828536987
25.0651836395
29.403924942
31.3069820404
32.2120189667
32.9570770264
30.0879478455
30.6189060211
32.2589874268
32.7069759369
28.7129878998
47.043800354
32.5219631195
33.6139202118
30.9929847717
22.6211547852
30.2600860596
31.6259860992
32.7858924866
33.6060523987
30.2069187164
32.4130058289
32.0529937744
29.4079780579
24.0700244904
33.0121517181
32.0651531219
29.953956604
28.6250114441
21.0821628571
30.9901237488
30.8020114899
23.2660770416
30.6389331818
31.2690734863
31.3050746918
33.0100059509
29.727935791
25.8758068085
31.2371253967
30.7619571686
33.1950187683
31.4290523529
31.5959453583
30.3030014038
29.8700332642
33.2019329071
32.4790477753
21.0490226746
30.0559997559
30.9739112854
29.6881198883
31.7270755768
32.3808193207
24.4619846344
32.0148468018
23.0598449707
36.1409187317
31.830072403
29.6258926392
21.9850540161
30.4849147797
22.9270458221
32.1190357208
24.6880054474
30.0109386444
31.1708450317
31.9590568542
29.6559333801
30.5080413818
28.7399291992
29.8230648041
31.4569473267
34.2531204224
31.0840606689
30.6298732758
28.8660526276
23.8499641418
31.0430526733
22.0830440521
22.63712883
29.9289226532
78.0501365662
20.5318927765
148.288965225
32.4368476868
31.5220355988
29.8700332642
20.4000473022
29.6850204468
28.8400650024
49.2789745331
23.0350494385
30.1458835602
31.5020084381
31.1629772186
30.8780670166
23.8909721375
29.3481349945
31.8169593811
33.0400466919
31.594991684
29.3710231781
31.0769081116
31.152009964
27.8599262238
29.6192169189
31.0199260712
30.7590961456
31.4009189606
30.2379131317
31.0528278351
34.1358184814
32.7908992767
30.3239822388
33.3201885223
33.753156662
30.9791564941
31.4340591431
29.0410518646
38.0880832672
31.1930179596
31.919002533
30.1010608673
30.0228595734
24.5909690857
31.8131446838
34.795999527
30.8649539948
31.3358306885
31.5999984741
31.5170288086
27.7540683746
29.3459892273
30.3680896759
47.7941036224
32.9101085663
31.3510894775
28.2349586487
31.5899848938
39.1399860382
30.6689739227
30.1790237427
29.1249752045
48.4030246735
23.12707901
30.7540893555
29.6671390533
31.9697856903
29.196023941
30.2751064301
27.107000351
30.5318832397
29.5791625977
33.7870121002
30.3769111633
31.751871109
29.4921398163
33.4761142731
30.7590961456
28.4647941589
23.4868526459
30.5721759796
31.7530632019
29.2301177979
41.5649414062
31.4860343933
30.210018158
31.1768054962
30.0259590149
32.2198867798
29.6700000763
29.9551486969
32.3879718781
30.2450656891
30.1051139832
29.8128128052
31.8760871887
34.6040725708
32.2000980377
41.3789749146
29.96301651
36.9071960449
29.7448635101
27.8160572052
20.6580162048
31.9468975067
31.0530662537
31.5887928009
30.3640365601
28.9361476898
29.5219421387
30.6060314178
31.3858985901
31.0409069061
29.9940109253
30.5559635162
30.4410457611
31.4209461212
28.4841060638
30.2219390869
26.7820358276
32.8462123871
31.0821533203
26.0808467865
33.303976059
33.2899093628
29.3209552765
31.986951828
29.8490524292
38.4500026703
31.9058895111
32.1028232574
32.4759483337
31.1799049377
32.0978164673
25.584936142
22.7410793304
33.2520008087
31.7599773407
32.1769714355
140.429973602
29.1078090668
22.7720737457
30.8728218079
29.373884201
29.3459892273
30.9159755707
35.248041153
23.6599445343
29.1421413422
23.1420993805
28.7489891052
29.0920734406
34.4350337982
30.0319194794
29.3900966644
32.0019721985
33.1239700317
35.0949764252
30.2298069
30.0250053406
26.1149406433
33.6661338806
21.1389064789
21.1410522461
30.1327705383
34.2650413513
21.703004837
28.6860466003
34.4500541687
30.5411815643
34.7549915314
42.2251224518
34.5878601074
31.4161777496
29.4010639191
32.8252315521
22.2721099854
35.9899997711
31.4340591431
24.5749950409
28.6710262299
23.6668586731
24.1348743439
30.5509567261
31.5008163452
31.0990810394
31.0890674591
29.7160148621
29.7338962555
29.0138721466
29.8669338226
31.6348075867
29.6559333801
30.6150913239
33.0910682678
33.6439609528
22.5329399109
32.0451259613
22.1171379089
30.2350521088
30.3020477295
27.5988578796
30.5330753326
22.5939750671
32.2329998016
29.8540592194
31.7618846893
31.4269065857
33.4420204163
32.8478813171
43.083190918
34.029006958
