334.27977562
315.464019775
130.316019058
135.848045349
271.321058273
203.258037567
278.254032135
322.284936905
135.634183884
190.781831741
137.429952621
129.309892654
125.804901123
682.184934616
191.929101944
146.39377594
193.771123886
179.048776627
214.216947556
365.53311348
365.375041962
260.143995285
279.168844223
221.909046173
201.591014862
162.61100769
117.704153061
1238.57402802
180.865049362
282.445907593
164.76893425
168.006896973
129.045963287
148.319005966
174.66378212
117.046833038
578.958034515
204.619884491
200.92010498
185.096025467
172.963857651
2542.93608665
535.759925842
207.129001617
288.245916367
1180.4599762
311.625003815
201.287031174
169.177055359
2219.32387352
143.194913864
122.988939285
166.86797142
258.636951447
160.070896149
156.286001205
145.066976547
136.767864227
167.530059814
152.918815613
129.769802094
141.591072083
136.113166809
143.136024475
134.609937668
141.351938248
119.59695816
131.431102753
108.899116516
118.797063828
157.151937485
125.904083252
111.723184586
128.179073334
129.245042801
131.619930267
115.341901779
140.887975693
117.112874985
111.922025681
192.626953125
128.479003906
138.633966446
115.078926086
139.139890671
126.079082489
140.254020691
133.496999741
208.022117615
135.12802124
126.121044159
113.276958466
122.600078583
117.640018463
240.860939026
133.543968201
142.982006073
112.741947174
138.508081436
120.043992996
338.824987411
145.698070526
343.252897263
137.480020523
118.458986282
128.02696228
149.989128113
130.926132202
151.258945465
133.984088898
136.056900024
208.461999893
233.057975769
166.81599617
157.15098381
210.526227951
118.887901306
326.992988586
1129.53805923
135.742902756
147.078990936
142.112016678
115.514993668
129.203796387
217.633962631
168.093919754
166.949033737
135.795116425
119.93098259
130.102872849
126.130104065
139.415979385
134.824991226
142.236948013
192.676067352
121.323108673
108.204841614
111.770868301
130.141973495
145.404815674
127.102851868
150.140047073
116.805076599
129.356145859
145.629167557
117.999076843
141.184806824
175.631046295
125.219106674
114.562034607
163.807868958
125.639915466
164.887905121
253.043889999
146.563053131
120.548009872
121.840000153
117.717981339
121.347904205
136.653184891
131.6010952
117.912054062
121.38915062
156.090974808
122.47300148
145.990133286
157.762050629
184.087991714
129.120826721
161.78393364
114.830970764
114.692926407
112.869024277
112.683057785
115.920066833
133.202075958
138.214826584
146.337985992
132.800102234
148.628950119
146.567821503
130.328893661
122.302055359
130.110025406
127.584934235
116.410017014
165.974140167
254.498004913
136.295080185
142.127037048
142.338991165
183.947086334
123.229980469
119.13895607
318.305969238
152.621030807
187.879085541
165.756940842
157.325029373
147.521018982
125.300884247
129.106998444
146.856069565
140.319108963
127.687931061
122.395992279
126.049041748
122.736930847
143.815994263
133.296012878
141.295194626
154.458999634
124.320983887
159.332036972
178.678035736
1249.23205376
140.161037445
138.985872269
111.992835999
121.378183365
150.923013687
171.122074127
126.836061478
280.933856964
192.662000656
198.395967484
113.590955734
283.105134964
333.037853241
165.551900864
135.17999649
129.635095596
117.57516861
118.670940399
147.981882095
186.401844025
135.178089142
132.081985474
130.362987518
140.915870667
118.417978287
108.047962189
125.715017319
256.731987
152.266979218
120.496034622
144.686937332
158.685922623
167.954921722
133.26716423
158.540964127
151.13902092
143.411874771
112.817049026
133.709192276
167.013883591
135.082960129
120.242118835
322.851896286
134.760141373
140.125989914
142.263889313
154.4008255
151.881933212
138.433933258
113.502979279
123.361110687
114.328145981
133.731842041
257.558822632
3150.08711815
158.43296051
134.701967239
117.120981216
112.2610569
137.013912201
152.533054352
167.033195496
129.238128662
203.345060349
135.776042938
126.05381012
133.477926254
135.313034058
118.933916092
151.954174042
133.92996788
170.680999756
122.564077377
150.264978409
113.541126251
114.253044128
145.717144012
132.962942123
140.052080154
173.506975174
109.884023666
131.671190262
158.542156219
143.334150314
150.051116943
292.559862137
131.518125534
142.392873764
117.475986481
117.394924164
110.18204689
111.682891846
111.521959305
158.170938492
120.918035507
117.516040802
130.877971649
128.970146179
123.106002808
152.323007584
125.532865524
274.710893631
128.350973129
158.354043961
140.914916992
139.341115952
143.513917923
135.353088379
238.247156143
137.411832809
137.089967728
121.496200562
143.211841583
125.149011612
141.102075577
117.542982101
114.566802979
156.742095947
144.630908966
225.538015366
144.557952881
697.488069534
1122.95722961
127.091884613
158.251047134
119.349956512
157.371044159
159.408092499
115.741968155
171.411037445
139.739990234
124.090909958
126.149892807
154.320955276
174.611091614
145.258903503
122.140884399
122.264146805
131.30903244
127.922058105
116.199970245
120.151996613
147.680997849
123.020172119
131.029129028
121.912002563
158.799171448
138.805150986
146.942853928
145.193099976
271.275997162
133.183002472
144.426107407
146.498918533
168.451786041
135.59794426
161.653995514
109.513998032
191.482067108
142.081022263
119.21787262
127.277135849
143.747806549
131.406068802
307.845830917
140.350103378
124.104976654
124.984025955
119.948863983
125.719070435
118.879079819
119.580984116
132.086038589
109.681844711
145.63703537
150.095939636
255.832195282
218.466997147
134.552001953
124.568939209
221.909999847
129.833936691
130.539894104
131.360054016
123.547077179
120.846033096
167.139053345
300.510168076
189.763069153
121.272087097
223.570108414
336.433172226
114.630937576
201.657056808
118.582010269
127.313137054
284.492969513
117.750883102
154.806852341
120.512008667
127.763032913
112.375974655
129.165172577
126.004934311
115.013122559
116.254091263
157.375812531
144.574165344
138.633012772
146.052122116
189.646959305
125.115871429
129.624128342
157.034873962
122.86400795
121.001005173
131.506919861
125.220060349
168.19190979
112.649917603
127.31385231
123.797178268
338.653087616
160.645008087
121.347904205
179.252147675
188.746929169
121.410131454
148.561000824
129.060983658
164.837837219
130.93996048
117.757081985
231.69708252
121.23298645
123.682022095
250.679016113
126.641988754
341.341972351
138.857841492
158.535003662
139.632940292
144.045114517
140.616893768
255.680084229
129.726886749
207.300901413
177.384853363
132.100105286
123.517036438
121.448040009
143.397092819
118.947982788
266.87502861
146.312952042
480.394124985
145.546197891
130.689144135
131.412982941
138.96894455
117.979049683
136.051177979
129.602909088
123.861074448
137.158870697
119.666099548
125.800132751
147.927045822
116.420984268
138.356924057
120.599985123
121.673822403
123.21805954
136.042118073
118.61205101
131.433963776
124.286174774
123.013973236
173.322916031
152.481079102
177.090883255
119.037866592
135.375976562
136.363983154
166.033983231
135.955095291
126.975059509
140.380859375
129.477024078
141.093015671
112.877845764
122.689008713
139.203071594
116.930007935
129.73690033
121.515035629
109.585046768
112.030029297
130.434036255
115.175962448
115.102052689
127.061128616
146.677970886
173.943042755
124.931812286
118.710041046
128.065109253
154.639005661
176.486968994
142.248153687
116.484880447
136.325120926
116.831064224
121.431112289
115.705013275
130.05900383
128.283977509
232.096910477
167.96708107
142.207860947
168.477058411
147.969007492
120.126962662
510.313034058
153.652906418
115.170001984
124.237060547
121.160030365
118.467092514
164.397954941
115.88716507
116.894006729
122.137069702
142.795085907
135.480165482
130.796909332
125.343084335
152.849197388
113.126993179
310.439109802
199.519872665
178.940057755
160.745859146
119.345903397
125.799894333
140.154123306
109.400987625
113.547086716
120.447874069
271.229028702
116.549968719
128.285884857
128.223180771
116.150856018
460.628986359
119.979143143
111.464977264
125.6980896
134.122133255
117.871999741
204.570055008
164.677143097
154.036045074
139.938116074
132.438898087
131.240129471
105.403900146
117.672920227
149.287939072
121.963977814
127.607107162
128.81398201
219.882011414
127.775907516
313.132047653
1115.55695534
129.071950912
136.026144028
140.176057816
115.592956543
122.505903244
130.257129669
245.836019516
186.085224152
122.725009918
135.1749897
128.372907639
595.957994461
435.088157654
116.131067276
121.531009674
133.426904678
137.968063354
139.041185379
138.34810257
148.546934128
141.982078552
138.812065125
128.498792648
132.103919983
241.132974625
117.459058762
129.431009293
114.824771881
137.521982193
116.113185883
139.266014099
148.024082184
158.637046814
119.902133942
163.352012634
116.092920303
128.529787064
129.535913467
114.284038544
451.308965683
130.907058716
118.347883224
148.534059525
135.79416275
238.60001564
166.041135788
141.113996506
150.827884674
137.819051743
133.687019348
127.784967422
287.527084351
122.018814087
139.493227005
141.253948212
399.251937866
140.114068985
143.537044525
141.871929169
152.010917664
139.367103577
167.794942856
203.860998154
125.333070755
181.398868561
1127.1750927
270.833015442
136.934995651
186.33389473
150.326967239
177.680015564
130.56397438
158.747196198
133.584022522
121.554851532
158.644199371
136.560916901
113.243103027
135.936975479
120.548009872
111.988067627
154.321908951
125.818967819
161.417007446
140.54107666
178.449869156
165.472984314
134.181976318
122.964859009
125.261068344
122.298002243
136.722803116
135.145902634
140.28096199
125.682115555
123.007059097
146.123886108
132.048130035
133.556127548
146.226167679
115.269184113
184.586048126
138.408899307
121.002912521
124.559879303
148.982048035
145.89715004
130.629062653
139.235019684
144.792795181
138.448953629
157.473087311
116.911888123
148.530006409
115.245103836
152.936935425
157.634973526
149.907112122
112.361907959
140.397787094
155.601978302
139.37497139
161.989212036
149.986982346
125.987052917
173.632144928
197.067022324
149.715900421
178.672075272
119.658946991
125.715017319
143.512010574
128.47495079
115.479946136
235.241889954
113.123893738
161.552906036
130.097866058
130.385160446
257.459163666
106.825113297
112.658977509
125.675916672
121.697187424
143.388986588
119.780063629
120.380878448
354.255914688
186.747789383
128.468990326
108.391046524
120.532035828
121.130943298
126.24001503
218.507051468
118.745088577
180.454015732
114.419937134
153.1291008
123.916149139
139.339923859
128.417015076
120.759010315
132.297992706
122.16591835
132.003068924
164.099931717
129.852056503
118.593931198
134.667873383
179.391860962
127.835035324
130.503177643
124.166965485
144.546985626
132.543087006
121.021986008
133.980989456
157.019853592
311.003923416
440.804004669
156.268119812
120.719909668
126.791000366
118.679046631
122.703075409
135.545969009
118.878126144
162.568092346
115.735054016
136.213064194
119.807958603
119.626998901
129.23002243
114.281892776
136.487960815
148.062944412
124.472856522
121.761083603
111.391067505
116.932153702
106.822013855
133.312940598
117.73109436
142.78793335
221.240997314
209.089040756
174.170970917
118.129014969
127.986192703
122.400999069
140.648126602
164.193153381
124.8691082
188.113927841
139.256000519
134.517908096
138.026952744
117.747068405
123.944997787
133.856058121
143.254995346
304.847002029
126.492023468
169.034957886
134.726047516
133.219003677
151.525020599
130.195856094
142.282009125
137.895107269
122.023105621
154.43110466
106.406211853
115.607023239
150.990009308
118.546009064
125.343084335
137.517213821
140.501022339
114.784002304
193.567037582
130.255937576
148.980140686
120.744943619
136.452913284
145.500183105
132.317066193
152.682065964
154.460906982
121.833086014
125.717163086
434.777021408
837.417840958
127.887964249
122.500896454
146.091938019
234.115123749
116.768121719
129.904031754
124.490976334
127.910137177
133.615970612
123.399972916
265.444993973
139.632940292
112.543106079
150.265932083
159.592866898
181.56003952
130.424976349
115.28801918
144.586801529
117.318868637
125.916957855
123.777151108
129.945993423
194.39291954
129.030942917
123.151063919
136.596918106
337.730884552
401.026964188
262.092113495
215.07191658
139.220952988
142.14515686
139.266967773
278.132915497
134.949922562
136.666059494
212.942838669
117.267131805
117.613077164
118.305206299
128.350019455
233.753919601
130.798101425
141.312837601
154.309988022
152.079105377
115.511894226
118.968963623
225.005865097
113.559961319
130.800008774
129.176139832
130.565881729
114.882946014
200.407028198
158.674955368
184.205055237
129.897117615
118.531227112
128.696203232
214.490890503
135.768890381
121.494054794
121.896982193
125.916957855
122.209072113
109.861135483
117.249011993
162.349939346
137.96210289
141.903162003
137.355089188
167.874097824
126.982927322
118.777036667
130.753993988
120.064020157
446.21014595
150.471925735
117.188930511
114.890098572
118.836164474
135.663032532
187.905073166
129.706859589
114.649057388
118.743896484
191.195964813
114.013910294
153.83887291
134.877920151
122.050046921
124.308109283
156.536102295
202.529907227
135.741949081
121.151924133
149.095058441
117.885112762
140.821933746
155.933856964
132.843017578
196.817159653
117.13886261
129.152059555
142.862081528
145.545005798
338.695049286
1121.91295624
145.241975784
139.528989792
135.961055756
151.354074478
122.03001976
122.972011566
138.279914856
135.323047638
117.752075195
121.495008469
137.974023819
114.658117294
127.53200531
211.703062057
111.8080616
133.931875229
142.306089401
116.461992264
159.363985062
332.737922668
127.317905426
133.726835251
120.864152908
150.421142578
132.97700882
112.854003906
133.839845657
173.639059067
138.481140137
124.508142471
124.707937241
225.696086884
139.487028122
214.52999115
150.310993195
116.255044937
137.981176376
131.714820862
127.053022385
133.452177048
145.497083664
151.433944702
187.269926071
175.092935562
